       Value     Percentile TotalCount 1/(1-Percentile)

       0.000 0.000000000000     580006           1.00
       0.000 0.100000000000     580006           1.11
       0.000 0.200000000000     580006           1.25
       0.000 0.300000000000     580006           1.43
       0.000 0.400000000000     580006           1.67
       0.000 0.500000000000     580006           2.00
       0.000 0.550000000000     580006           2.22
       0.001 0.600000000000     686456           2.50
       0.001 0.650000000000     686456           2.86
       0.002 0.700000000000     744017           3.33
       0.003 0.750000000000     787514           4.00
       0.003 0.775000000000     787514           4.44
       0.004 0.800000000000     822856           5.00
       0.005 0.825000000000     851904           5.71
       0.005 0.850000000000     851904           6.67
       0.006 0.875000000000     876134           8.00
       0.007 0.887500000000     896505           8.89
       0.008 0.900000000000     912935          10.00
       0.008 0.912500000000     912935          11.43
       0.009 0.925000000000     926372          13.33
       0.010 0.937500000000     937956          16.00
       0.011 0.943750000000     946741          17.78
       0.012 0.950000000000     953768          20.00
       0.013 0.956250000000     960111          22.86
       0.014 0.962500000000     965701          26.67
       0.015 0.968750000000     970211          32.00
       0.016 0.971875000000     974539          35.56
       0.017 0.975000000000     978416          40.00
       0.017 0.978125000000     978416          45.71
       0.019 0.981250000000     983478          53.33
       0.020 0.984375000000     985501          64.00
       0.021 0.985937500000     987193          71.11
       0.022 0.987500000000     988633          80.00
       0.023 0.989062500000     990024          91.43
       0.024 0.990625000000     991262         106.67
       0.025 0.992187500000     992331         128.00
       0.026 0.992968750000     993030         142.22
       0.028 0.993750000000     994380         160.00
       0.029 0.994531250000     994982         182.86
       0.030 0.995312500000     995471         213.33
       0.032 0.996093750000     996115         256.00
       0.034 0.996484375000     996646         284.44
       0.036 0.996875000000     997042         320.00
       0.038 0.997265625000     997352         365.71
       0.041 0.997656250000     997800         426.67
       0.043 0.998046875000     998152         512.00
       0.044 0.998242187500     998268         568.89
       0.046 0.998437500000     998485         640.00
       0.049 0.998632812500     998711         731.43
       0.051 0.998828125000     998898         853.33
       0.053 0.999023437500     999055        1024.00
       0.055 0.999121093750     999142        1137.78
       0.056 0.999218750000     999224        1280.00
       0.061 0.999316406250     999348        1462.86
       0.064 0.999414062500     999436        1706.67
       0.065 0.999511718750     999532        2048.00
       0.066 0.999560546875     999577        2275.56
       0.067 0.999609375000     999628        2560.00
       0.068 0.999658203125     999690        2925.71
       0.069 0.999707031250     999749        3413.33
       0.070 0.999755859375     999790        4096.00
       0.070 0.999780273438     999790        4551.11
       0.071 0.999804687500     999835        5120.00
       0.071 0.999829101563     999835        5851.43
       0.072 0.999853515625     999869        6826.67
       0.073 0.999877929688     999902        8192.00
       0.073 0.999890136719     999902        9102.22
       0.074 0.999902343750     999934       10240.00
       0.074 0.999914550781     999934       11702.86
       0.074 0.999926757813     999934       13653.33
       0.075 0.999938964844     999964       16384.00
       0.075 0.999945068359     999964       18204.44
       0.075 0.999951171875     999964       20480.00
       0.075 0.999957275391     999964       23405.71
       0.075 0.999963378906     999964       27306.67
       0.076 0.999969482422     999994       32768.00
       0.076 0.999972534180     999994       36408.89
       0.076 0.999975585938     999994       40960.00
       0.076 0.999978637695     999994       46811.43
       0.076 0.999981689453     999994       54613.33
       0.076 0.999984741211     999994       65536.00
       0.076 0.999986267090     999994       72817.78
       0.076 0.999987792969     999994       81920.00
       0.076 0.999989318848     999994       93622.86
       0.076 0.999990844727     999994      109226.67
       0.076 0.999992370605     999994      131072.00
       0.076 0.999993133545     999994      145635.56
       0.076 0.999993896484     999994      163840.00
       0.077 0.999994659424     999999      187245.71
       0.077 0.999995422363     999999      218453.33
       0.077 0.999996185303     999999      262144.00
       0.077 0.999996566772     999999      291271.11
       0.077 0.999996948242     999999      327680.00
       0.077 0.999997329712     999999      374491.43
       0.077 0.999997711182     999999      436906.67
       0.077 0.999998092651     999999      524288.00
       0.077 0.999998283386     999999      582542.22
       0.077 0.999998474121     999999      655360.00
       0.077 0.999998664856     999999      748982.86
       0.077 0.999998855591     999999      873813.33
       0.078 0.999999046326    1000000     1048576.00
       0.078 1.000000000000    1000000
#[Mean    =        0.002, StdDeviation   =        0.005]
#[Max     =        0.078, Total count    =      1000000]
#[Buckets =           24, SubBuckets     =         2048]

